--- Iniciando GridSearchCV para ADA ---
Fitting 25 folds for each of 16 candidates, totalling 400 fits
GridSearchCV para ADA completado en 766.93 segundos.

Mejores Parámetros encontrados para ADA:
{'modelo__learning_rate': 0.5, 'modelo__n_estimators': 300}

Mejor Puntuación Media CV (f1): 0.6359

--- Resumen de Resultados GridSearchCV para ADA ---

    param_modelo__learning_rate  param_modelo__n_estimators  mean_fit_time  mean_score_time  mean_test_accuracy  mean_test_f1  mean_train_accuracy  mean_train_f1  rank_test_accuracy  rank_test_f1  std_fit_time  std_score_time  std_test_accuracy  std_test_f1  std_train_accuracy  std_train_f1
11                         0.50                         300      42.334550         0.984750            0.838767      0.635884             0.897535       0.781279                  12             1      2.253642        0.252178           0.003838     0.008210            0.003810      0.010005
8                          0.50                          50      11.466643         0.887630            0.842812      0.635853             0.885889       0.746603                   9             2      1.555345        0.235187           0.004093     0.007994            0.004813      0.014795
10                         0.50                         200      29.566341         0.895321            0.839438      0.635848             0.895647       0.775721                  11             3      1.687303        0.231008           0.003738     0.008295            0.003845      0.010400
9                          0.50                         100      17.982845         0.864059            0.840587      0.635812             0.892353       0.765992                  10             4      1.160674        0.162119           0.004095     0.008924            0.004005      0.011112
12                         1.00                          50      11.057787         0.872395            0.833523      0.634394             0.890885       0.771720                  13             5      0.839721        0.195466           0.004304     0.009228            0.003313      0.008235
13                         1.00                         100      18.021764         0.836029            0.833232      0.633066             0.894457       0.779625                  14             6      1.086708        0.144956           0.003633     0.008345            0.003498      0.008720
14                         1.00                         200      29.699840         0.850227            0.832083      0.631528             0.898255       0.789002                  16             7      1.410385        0.143626           0.003410     0.008061            0.003533      0.008477
15                         1.00                         300      37.874983         0.689914            0.832660      0.631407             0.899977       0.792385                  15             8      5.439196        0.225419           0.003412     0.008009            0.003587      0.008691
7                          0.10                         300      41.339916         0.971092            0.846580      0.630959             0.883496       0.731728                   8             9      2.205743        0.303688           0.003570     0.007123            0.004916      0.016178
6                          0.10                         200      28.025414         0.866969            0.848055      0.626419             0.875811       0.704916                   7            10      1.729827        0.196949           0.003010     0.006830            0.005535      0.019113
5                          0.10                         100      17.817851         0.818459            0.849530      0.617075             0.861189       0.651855                   5            11      1.626156        0.155815           0.002856     0.008931            0.001842      0.006971
0                          0.01                          50      12.670648         0.691283            0.849274      0.616693             0.856896       0.638413                   6            12      0.578450        0.085098           0.003697     0.009866            0.000955      0.005427
4                          0.10                          50      11.266452         0.812198            0.849851      0.615472             0.857752       0.638950                   2            13      1.219121        0.138855           0.003228     0.009362            0.001382      0.005561
1                          0.01                         100      18.478305         0.848588            0.849604      0.615420             0.856652       0.635808                   4            14      1.273110        0.178160           0.003423     0.009640            0.001014      0.005291
2                          0.01                         200      30.031239         0.931266            0.849797      0.613804             0.856342       0.633096                   3            15      2.227127        0.343084           0.003284     0.009849            0.001001      0.005064
3                          0.01                         300      39.686009         0.854333            0.849861      0.613714             0.856361       0.632968                   1            16      2.279390        0.114656           0.003248     0.009938            0.001041      0.005139

--- FIN: Resumen de resultados ---

--- Fin de la optimización para ADA ---
