--- Iniciando GridSearchCV para DT ---
Fitting 25 folds for each of 16 candidates, totalling 400 fits
GridSearchCV para DT completado en 276.88 segundos.

Mejores Parámetros encontrados para DT:
{'modelo__ccp_alpha': 0.001, 'modelo__criterion': 'gini', 'modelo__max_depth': 10, 'modelo__min_samples_leaf': 2, 'pca__n_components': 0.95}

Mejor Puntuación Media CV (f1): 0.6364

--- Resumen de Resultados GridSearchCV para DT ---

    param_modelo__ccp_alpha param_modelo__criterion param_modelo__max_depth  param_modelo__min_samples_leaf  param_pca__n_components  mean_fit_time  mean_score_time  mean_test_accuracy  mean_test_f1  mean_train_accuracy  mean_train_f1  rank_test_accuracy  rank_test_f1  std_fit_time  std_score_time  std_test_accuracy  std_test_f1  std_train_accuracy  std_train_f1
12                    0.001                    gini                    None                               2                     0.95       6.498055         0.920836            0.835940      0.636400             0.886160       0.757610                   1             1      0.687066        0.175486           0.004559     0.007583            0.003949      0.011086
14                    0.001                    gini                    None                               5                     0.95       6.368947         0.912367            0.835940      0.636400             0.886160       0.757610                   1             1      0.703047        0.226206           0.004559     0.007583            0.003949      0.011086
10                    0.001                    gini                      10                               5                     0.95       6.269209         0.925735            0.835940      0.636400             0.886160       0.757610                   1             1      0.479342        0.174708           0.004559     0.007583            0.003949      0.011086
8                     0.001                    gini                      10                               2                     0.95       6.146459         0.976884            0.835940      0.636400             0.886160       0.757610                   1             1      0.595591        0.149570           0.004559     0.007583            0.003949      0.011086
2                     0.000                    gini                      10                               5                     0.95       6.445415         1.023405            0.824166      0.620467             0.915585       0.826705                   5             5      0.731833        0.325323           0.004538     0.007954            0.003686      0.008754
0                     0.000                    gini                      10                               2                     0.95       8.003184         0.797956            0.823658      0.618523             0.918714       0.832910                   6             6      0.725139        0.186550           0.004011     0.006353            0.003751      0.008856
6                     0.000                    gini                    None                               5                     0.95       6.309080         0.910836            0.808183      0.606436             0.953368       0.907969                  11             7      0.670868        0.198261           0.003493     0.007446            0.001327      0.002715
4                     0.000                    gini                    None                               2                     0.95       6.619209         0.995879            0.804375      0.594044             0.980575       0.961232                  12             8      0.737631        0.361883           0.004463     0.009284            0.000611      0.001245
11                    0.001                    gini                      10                               5                     0.99       6.705506         0.976643            0.814192      0.586171             0.922193       0.840098                   7             9      0.668556        0.196560           0.007229     0.016931            0.002118      0.005974
9                     0.001                    gini                      10                               2                     0.99       6.206970         0.937862            0.814192      0.586171             0.922193       0.840098                   7             9      0.529092        0.185254           0.007229     0.016931            0.002118      0.005974
13                    0.001                    gini                    None                               2                     0.99       6.358906         0.925077            0.814192      0.586171             0.922193       0.840098                   7             9      0.811910        0.194121           0.007229     0.016931            0.002118      0.005974
15                    0.001                    gini                    None                               5                     0.99       5.982540         0.769692            0.814192      0.586171             0.922193       0.840098                   7             9      1.051451        0.249032           0.007229     0.016931            0.002118      0.005974
1                     0.000                    gini                      10                               2                     0.99       7.737373         0.866027            0.798239      0.549919             0.949439       0.897647                  13            13      0.841533        0.275691           0.005143     0.012821            0.001552      0.003609
3                     0.000                    gini                      10                               5                     0.99       6.704003         0.944732            0.797050      0.548519             0.946357       0.891695                  14            14      0.803613        0.245731           0.005322     0.012352            0.001524      0.003703
7                     0.000                    gini                    None                               5                     0.99       6.594381         0.955253            0.784674      0.543989             0.970501       0.942299                  15            15      0.688032        0.174612           0.004330     0.010014            0.000779      0.001535
5                     0.000                    gini                    None                               2                     0.99       6.736455         0.905582            0.783293      0.535536             0.987931       0.976164                  16            16      0.779897        0.205240           0.005373     0.011989            0.000564      0.001134

--- FIN: Resumen de resultados ---

--- Fin de la optimización para DT ---
