--- Iniciando GridSearchCV para RFC ---
Fitting 25 folds for each of 16 candidates, totalling 400 fits
GridSearchCV para RFC completado en 1138.50 segundos.

Mejores Parámetros encontrados para RFC:
{'modelo__criterion': 'gini', 'modelo__max_depth': 20, 'modelo__max_features': 'sqrt', 'modelo__min_samples_leaf': 2, 'modelo__n_estimators': 200}

Mejor Puntuación Media CV (f1): 0.6474

--- Resumen de Resultados GridSearchCV para RFC ---

   param_modelo__criterion param_modelo__max_depth param_modelo__max_features  param_modelo__min_samples_leaf  param_modelo__n_estimators  mean_fit_time  mean_score_time  mean_test_accuracy  mean_test_f1  mean_train_accuracy  mean_train_f1  rank_test_accuracy  rank_test_f1  std_fit_time  std_score_time  std_test_accuracy  std_test_f1  std_train_accuracy  std_train_f1
11                    gini                      20                       sqrt                               2                         200      36.855552         0.831218            0.840844      0.647413             0.984174       0.968613                   1             1      1.306499        0.071853           0.003465     0.007907            0.000861      0.001747
1                     gini                    None                       sqrt                               1                         200      41.050604         0.862250            0.840641      0.647279             1.000000       1.000000                   2             2      1.776940        0.102822           0.003684     0.008354            0.000000      0.000000
9                     gini                      20                       sqrt                               1                         200      38.027018         0.849866            0.840552      0.647174             0.996239       0.992651                   3             3      1.177151        0.120119           0.003997     0.008997            0.000638      0.001255
10                    gini                      20                       sqrt                               2                         100      20.564757         0.739443            0.840478      0.646989             0.983760       0.967780                   4             4      0.933181        0.081622           0.003528     0.008309            0.000806      0.001639
3                     gini                    None                       sqrt                               2                         200      39.149846         0.972432            0.840109      0.646586             0.990308       0.980995                   6             5      1.806908        0.247949           0.003737     0.008361            0.000452      0.000899
2                     gini                    None                       sqrt                               2                         100      22.020531         0.852929            0.840005      0.646392             0.989835       0.980052                   7             6      0.910923        0.161066           0.003455     0.007558            0.000436      0.000867
0                     gini                    None                       sqrt                               1                         100      23.694264         0.752286            0.840350      0.646356             0.999979       0.999959                   5             7      0.858243        0.119441           0.003817     0.008588            0.000024      0.000047
8                     gini                      20                       sqrt                               1                         100      20.553762         0.770202            0.839990      0.645632             0.995801       0.991789                   8             8      1.097860        0.099002           0.003824     0.009157            0.000660      0.001300
7                     gini                    None                        0.5                               2                         200      68.164122         0.812924            0.837095      0.642391             0.991888       0.984134                   9             9      2.355886        0.117388           0.003766     0.008502            0.000396      0.000787
6                     gini                    None                        0.5                               2                         100      36.751634         0.773731            0.836868      0.642373             0.991519       0.983405                  12            10      2.003042        0.153491           0.004400     0.009485            0.000391      0.000771
5                     gini                    None                        0.5                               1                         200      69.758578         0.950674            0.837080      0.641845             1.000000       1.000000                  10            11      3.458713        0.214694           0.004191     0.008969            0.000000      0.000000
14                    gini                      20                        0.5                               2                         100      33.837072         0.698884            0.836754      0.641794             0.988603       0.977587                  13            12      1.494714        0.069202           0.004138     0.008651            0.000672      0.001350
15                    gini                      20                        0.5                               2                         200      58.618839         0.656019            0.836986      0.641752             0.989086       0.978551                  11            13      6.678750        0.169048           0.004009     0.008632            0.000642      0.001286
13                    gini                      20                        0.5                               1                         200      65.378878         0.843747            0.836715      0.641664             0.998662       0.997398                  14            14      2.452010        0.125717           0.004031     0.008373            0.000470      0.000916
12                    gini                      20                        0.5                               1                         100      35.396470         0.732891            0.836705      0.641394             0.998230       0.996557                  15            15      2.132884        0.098354           0.003804     0.008299            0.000485      0.000947
4                     gini                    None                        0.5                               1                         100      37.335635         0.787259            0.836453      0.640444             0.999983       0.999967                  16            16      1.556049        0.139991           0.003784     0.008295            0.000022      0.000042

--- FIN: Resumen de resultados ---

--- Fin de la optimización para RFC ---
