--- Iniciando GridSearchCV para SVC ---
Fitting 25 folds for each of 24 candidates, totalling 600 fits
GridSearchCV para SVC completado en 12286.48 segundos.

Mejores Parámetros encontrados para SVC:
{'pca_reduction__n_components': 0.95, 'svc_classifier__C': 0.1, 'svc_classifier__gamma': 'scale', 'svc_classifier__kernel': 'rbf', 'target_encoder__smoothing': 10.0}

Mejor Puntuación Media CV (f1): 0.6508

--- Resumen de Resultados GridSearchCV para SVC ---

    param_pca_reduction__n_components  param_svc_classifier__C param_svc_classifier__gamma param_svc_classifier__kernel  param_target_encoder__smoothing  mean_fit_time  mean_score_time  mean_test_accuracy  mean_test_f1  mean_train_accuracy  mean_train_f1  rank_test_accuracy  rank_test_f1  std_fit_time  std_score_time  std_test_accuracy  std_test_f1  std_train_accuracy  std_train_f1
0                                0.95                      0.1                       scale                          rbf                             10.0     304.898227         4.145805            0.844918      0.650846             0.902071       0.791210                   1             1     17.174944        0.574335           0.003513     0.007698            0.004277      0.011575
4                                0.95                      1.0                       scale                          rbf                             10.0     267.750356         3.419939            0.843680      0.649766             0.913121       0.817583                   2             2     10.743444        0.319170           0.003293     0.007406            0.005825      0.013949
8                                0.95                     10.0                       scale                          rbf                             10.0     221.757810         2.772536            0.832764      0.628033             0.933811       0.864429                   8             3     16.880415        0.212966           0.005282     0.010072            0.008086      0.018560
10                               0.95                     10.0                        auto                          rbf                             10.0     235.902190         3.422064            0.833671      0.624020             0.898010       0.783520                   7             4     13.949778        0.231658           0.002829     0.005917            0.004388      0.011671
6                                0.95                      1.0                        auto                          rbf                             10.0     321.295006         4.158404            0.840257      0.614635             0.889973       0.750737                   3             5     10.542806        0.307920           0.002245     0.006423            0.004909      0.014565
9                                0.95                     10.0                       scale                         poly                             10.0     252.707707         1.971171            0.837849      0.611958             0.898270       0.773031                   5             6     18.980709        0.141089           0.002682     0.008019            0.003690      0.010065
12                               0.99                      0.1                       scale                          rbf                             10.0     209.261320         2.655078            0.822109      0.604902             0.937314       0.872808                  12             7      6.080628        0.203092           0.003515     0.007370            0.000805      0.001643
5                                0.95                      1.0                       scale                         poly                             10.0     295.188767         2.221180            0.839181      0.597442             0.883231       0.725017                   4             8     19.131195        0.151122           0.002611     0.008545            0.003297      0.009798
16                               0.99                      1.0                       scale                          rbf                             10.0     171.757002         2.259046            0.811247      0.576082             0.943236       0.885554                  15             9      6.050130        0.125390           0.004003     0.010515            0.000785      0.001615
18                               0.99                      1.0                        auto                          rbf                             10.0     288.162802         3.456695            0.812159      0.565778             0.932405       0.859280                  14            10      6.638694        0.244528           0.002984     0.006967            0.000999      0.002150
1                                0.95                      0.1                       scale                         poly                             10.0     326.080047         2.561244            0.837608      0.563976             0.858345       0.634094                   6            11      9.615604        0.199758           0.002895     0.010055            0.001930      0.006456
22                               0.99                     10.0                        auto                          rbf                             10.0     197.749348         2.534545            0.803779      0.555737             0.934902       0.867535                  16            12      4.618261        0.151752           0.003101     0.007179            0.000964      0.002053
14                               0.99                      0.1                        auto                          rbf                             10.0     394.765354         4.697842            0.830993      0.525940             0.837727       0.553201                   9            13     12.035560        0.354268           0.002213     0.008955            0.000660      0.002492
2                                0.95                      0.1                        auto                          rbf                             10.0     390.358744         4.956157            0.830716      0.524824             0.834187       0.539019                  10            14     13.233371        0.567776           0.002201     0.008905            0.000958      0.003753
11                               0.95                     10.0                        auto                         poly                             10.0     362.758413         3.203854            0.825976      0.504265             0.826768       0.507379                  11            15     29.909423        0.147649           0.002302     0.009857            0.000919      0.003883
20                               0.99                     10.0                       scale                          rbf                             10.0     181.411300         2.151829            0.791540      0.504020             0.947703       0.893648                  18            16      6.139244        0.112950           0.003519     0.007850            0.000867      0.001828
21                               0.99                     10.0                       scale                         poly                             10.0     193.386314         1.503119            0.788669      0.495490             0.942828       0.881251                  19            17      6.342490        0.097337           0.004336     0.010774            0.000699      0.001516
17                               0.99                      1.0                       scale                         poly                             10.0     228.864809         1.819760            0.794604      0.486477             0.931037       0.852039                  17            18      6.998731        0.095626           0.003092     0.007842            0.000853      0.002029
13                               0.99                      0.1                       scale                         poly                             10.0     304.476795         2.265835            0.813388      0.476487             0.881128       0.706732                  13            19      6.244103        0.132784           0.002248     0.008254            0.000795      0.002344
7                                0.95                      1.0                        auto                         poly                             10.0     414.655259         3.375163            0.766679      0.178305             0.766679       0.178386                  20            20     30.933103        0.104736           0.001929     0.012425            0.000482      0.003107
23                               0.99                     10.0                        auto                         poly                             10.0     403.218309         2.754046            0.766679      0.178305             0.766679       0.178386                  20            20     89.562586        0.655542           0.001929     0.012425            0.000482      0.003107
19                               0.99                      1.0                        auto                         poly                             10.0     494.198159         3.492117            0.743776      0.012223             0.743971       0.013714                  22            22     17.816459        0.206018           0.000892     0.006795            0.000911      0.006987
15                               0.99                      0.1                        auto                         poly                             10.0     479.139665         3.499624            0.742188      0.000000             0.742188       0.000000                  23            23     19.956934        0.189499           0.000060     0.000000            0.000015      0.000000
3                                0.95                      0.1                        auto                         poly                             10.0     452.022225         3.707294            0.742188      0.000000             0.742188       0.000000                  23            23     21.019355        0.307016           0.000060     0.000000            0.000015      0.000000

--- FIN: Resumen de resultados ---

--- Fin de la optimización para SVC ---
